0
0.0
1.8547342683894434
0.0
0.0
0.0
3.2280337626529665
0.0
0.0
2.0255131996542803
0.0
0.0
0.0
0.5709795465857378
0.0
0.0
0.0
2.9014215940827497
0.0
0.0
0.0
2.6878474937846906
2.469793011977952
0.9669838461896731
3.923753928303845
1.6582280766035324
3.487986511734546
2.800325477211381
0.0
2.833213344056216
2.3997118037247684
0.0
0.0
1.1410330045520618
2.8524391037275145
0.0
0.0
2.7523860149222616
0.0
2.528125768907977
0.0
0.0
2.4096441652874536
1.998773638612381
4.648133885420207
0.0
0.9001613499442714
2.0068708488450007
1.2725655957915476
2.3942522815198695
0.0
0.0
0.0
0.0
3.902982260775997
0.6981347220709844
1.0116009116784799
0.4382549309311553
0.0
0.0
0.0
0.0
1.7387102481382397
3.966132331075178
2.3711778844596574
0.0
1.3056264580524357
1.2919836816486494
3.392492941032009
1.0784095813505903
0.0
0.3074846997479606
1.8453002361560848
1.4655675420143985
3.311637304949512
5.307970623576175
4.280824129164719
0.0
0.0
0.0
0.0
0.0
0.0
0.0
0.0
0.0
3.607669398688393
0.0
0.0
4.494126887194767
1.8293763327993617
0.0
0.41871033485818504
0.8153648132841945
0.9669838461896731
0.0
1.000631880307906
2.1377104498038118
0.0
0.0
1.3987168811184478
3.4442568711226023
2.005525858729668
0.0
2.005525858729668
2.4898941912990393
1.0986122886681098
0.0
2.50470927708418
0.0
0.0
2.503073953743449
5.633109621361155
2.8118094353930627
0.0
1.0647107369924282
0.0
2.7936160894318567
0.0
0.0
0.0
3.389799336709786
1.1568811967920856
0.0
0.0
3.1949928844048685
0.0
2.3767644911682972
0.0
0.0
0.0
2.199444334074532
1.7715567619105355
0.0
3.6336309798834576
0.0
0.0
0.9707789171582247
0.5596157879354227
2.3427668826268775
2.105352923464337
0.28517894223366236
1.4327007339340463
0.0
2.727199019940971
5.049086480470509
0.0
1.7101878155342434
2.2731562823032334
1.3270750014599193
4.267176792994939
0.0
2.578700529074361
1.1537315878891892
0.0
1.5496879080283263
0.0
3.007166651179654
1.5644405465033646
0.0
0.0
0.0
4.27332721775054
0.2151113796169455
0.0
0.0
1.1908875647772805
1.534714366238164
3.4397768636296306
0.08617769624105233
0.0
0.0
0.0
1.144222799920162
0.0
2.3942522815198695
0.9477893989335261
1.1216775615991057
0.0
1.0152306797290587
0.0
0.0
0.0
0.0
0.0
1.4350845252893227
2.2700619012884857
1.2669476034873244
1.8946168546677629
0.0
0.0
1.9878743481543455
0.0
0.35767444427181594
2.057962510002712
0.0
3.726656818447966
0.0
0.0
0.0
0.8586616190375187
3.4986265269937014
4.566221435849517
0.0
0.0
2.0744289998562917
0.0
0.5187937934151676
0.0
0.41871033485818504
1.0818051703517284
0.0
3.295836866004329
0.0
0.0
0.0
2.2607208888953467
1.4586150226995167
0.0
0.9001613499442714
0.0
2.214846178686039
0.0
5.229824370102736
0.0
1.0784095813505903
4.427836170705175
1.208960345836975
2.102913897864978
1.9213246735826988
2.93651291389402
1.3686394258811698
2.2235418856535927
0.0
0.0
2.5006159434931803
0.0
1.8213182714695995
0.0
2.166765369851511
0.0
1.1085626195212777
0.0
1.3190856114264407
0.0
0.0
0.0
0.0
3.7914360424390283
2.174751721484161
0.0
4.129228964075603
3.5655812377694427
0.0
0.8878912573524571
1.1019400787607843
0.0
0.0
0.5187937934151676
0.19062035960864973
0.3852624007906449
2.329227023940467
0.0
0.0
5.365415110080531
1.599387576580599
1.951608170169951
0.0
0.0
0.0
2.1234584270966104
1.5040773967762742
0.0
0.0
0.0
0.0
0.0
0.0
0.4762341789963716
0.9042181506398859
0.0
3.6975913947159578
2.081938421878423
1.8625285401162623
2.020222182019865
3.2492110246642736
0.6418538861723948
0.0
0.0
4.471067201464611
1.9960599327407849
0.0
0.0
3.2422016501716975
0.0
0.0
2.2874714551839976
4.669646205172456
0.0
1.5085119938441398
1.7833912195575383
2.643333886382519
0.6678293725756554
0.0
0.0
1.235471471385307
2.300583090323373
0.0
0.0
3.3006401266708405
1.5496879080283263
0.0
0.0
0.0
2.3988039507345884
0.5364933705145685
0.0
0.7419373447293773
0.7275486072772778
1.7263316639055997
1.1662709371419244
0.0
0.5822156198526637
0.0
0.0
0.0
3.9193957597575593
0.0
0.0
0.7839015438284094
2.329227023940467
0.0
0.0
2.4898941912990393
2.231089091288976
0.0
0.0
2.21046980408624
0.0
0.0
0.9400072584914712
5.168379509433644
0.0
6.995619625423205
0.0
0.0
0.0
0.0
0.0
1.244154593958768
0.0
4.08260930600368
5.285637313390662
2.9601050959108397
2.511223958105374
1.6882490928583902
1.6863989535702288
0.9707789171582247
0.0
0.0
1.8794650496471605
3.136797713832594
3.228430037673012
0.0
2.498151876538021
0.0
0.0
1.3217558399823195
2.642622395779755
2.1174596088673567
2.4790562361098245
0.0
1.463255402256019
0.0
2.1162555148025524
1.4085449700547104
0.0
0.0
0.0
0.0
6.616439947564594
2.856470206220483
2.5726122302071057
0.8285518175661483
0.0
0.0
0.0
0.5653138090500605
0.0
1.597365331199831
0.0
0.0
0.0
0.0
0.6729444732424258
0.0
0.9242589015233319
1.0818051703517284
0.0
0.0
0.0
1.9600947840472698
0.0
0.0
0.0
2.613006652415316
0.0
2.0294631718735947
0.0
0.0
4.175924549214524
0.0
0.0
1.5325568680981427
